2954
5873
5727
4516
10
7083
883
5801
5284
7989
9428
2266
1264
6751
5985
2592
2388
3509
8423
4139
3053
2135
427
4989
851
3979
6673
4007
6823
8210
8206
5497
8119
7134
9117
8362
4454
3859
5378
7990
9009
9699
2144
9638
1833
178
8219
6756
3917
7996
8891
1115
5667
2560
9886
2435
8454
8531
4680
8335
3805
8353
6796
3608
566
9059
3629
1477
8672
7748
6567
9979
4059
7402
5135
7998
4644
8
2556
191
3671
7532
5044
5708
1863
7526
6145
9996
2170
7497
5196
139
7903
4075
8621
7802
609
9050
7696
2993
8892
306
4496
2648
2435
5843
6198
7531
6304
2547
4434
9825
8523
6685
8961
8186
3460
9725
9073
2730
1251
7308
5221
4821
6818
615
757
5978
3902
2636
2859
42
155
8915
6577
2488
5091
4643
7759
7222
9797
5610
2982
1203
6626
656
1514
9247
2244
1226
6843
579
8685
6847
2448
9520
9242
5274
3960
239
4606
996
9138
276
8196
3843
8176
7099
2858
1993
2883
8278
2802
3333
6966
8572
2523
1944
5886
4214
4846
9831
3488
4311
9784
4387
1944
3127
752
1069
4707
5001
4745
3831
3254
529
764
862
1495
933
293
6397
665
1398
7230
6984
3643
6730
294
4394
1746
4148
603
2879
9208
3848
5597
794
4235
26
1022
8088
9766
8237
4303
1575
7084
3430
2334
7607
5512
6228
1622
3540
7517
4282
3600
3733
2574
1693
4346
6901
7838
896
4283
2006
259
4641
9515
4442
540
1506
8056
569
1971
4041
1282
4136
9995
2180
3809
6127
2941
9718
9654
7780
1989
3765
5096
9257
8235
8969
3082
6690
4518
1994
2738
7898
7353
9988
4213
656
3449
851
182
1227
2442
528
4175
8802
9836
7921
7246
6336
4693
6807
4352
9403
7429
5600
5238
6899
3836
1594
3456
9
5489
9908
2971
2096
1014
9450
1104
3519
4394
2218
4981
3446
9420
2262
7203
8439
1647
1818
89
1393
7889
6246
9143
5729
6932
9420
5889
1682
761
117
1303
685
9800
6538
2787
3243
6301
4109
6505
5967
6125
7560
5044
837
9232
3104
5856
2534
496
8150
6273
6128
7205
9942
7103
5905
7088
5866
4424
6201
7087
812
7520
9442
3047
3258
8455
3298
5243
7228
2047
3078
3364
8188
2144
7429
9153
5509
810
8611
8149
1563
2798
6933
989
2754
8896
9535
5282
7107
4850
9907
2009
6412
7725
8612
1171
3448
6283
6212
3860
8966
7691
1349
6833
6420
9043
7824
5204
1095
1906
3043
50
4994
1796
5095
2984
804
4721
6981
5419
5016
7102
6655
1541
8812
8912
2677
5484
2260
2613
259
6647
8151
4093
3049
6888
7052
1986
3188
6121
6715
5141
2825
7085
9274
2715
3585
9360
7965
1240
5661
4296
4330
2012
1854
5985
857
1992
7527
6223
1555
6502
5632
6045
7767
3312
7737
6142
1229
7233
8534
6482
9588
8523
941
7923
9857
491
2525
1516
8161
9036
554
6439
45
6834
3581
9485
8659
3894
838
7275
7536
4844
7119
1533
7091
9505
12
9822
7730
2965
8009
1602
3299
671
6778
1393
3834
2979
6046
1942
3412
9407
6977
644
7705
9647
1379
6744
5093
4563
4083
159
2380
823
2368
3606
8932
7081
6853
9036
6475
9333
9521
1725
669
9880
6838
5439
9547
8073
4408
4733
5411
1946
3912
1689
3037
8095
820
3366
1123
7925
2049
7400
8438
2427
8629
7215
8220
7882
8892
1798
1084
2987
9579
9915
8337
3050
9043
8174
3403
5649
4853
9923
2209
1745
838
6403
227
4183
6023
2121
3335
5682
8611
7
1420
3900
4
4436
1208
6345
7756
9972
2495
2626
1466
1459
5095
5991
7732
262
5354
7287
2563
8569
3895
624
1088
3926
849
7287
1118
1837
6371
2441
9937
5148
9653
7223
6435
4550
3515
1677
8099
7685
4050
2408
3264
5222
5998
497
3537
8250
1093
4349
8971
9241
5226
382
8527
395
9452
4611
3243
3766
8126
523
8538
7857
9684
8100
4678
7961
6255
6042
8678
7064
6909
1396
273
8645
9673
4022
5921
6592
7690
2865
1129
7406
8984
3824
5643
6232
1991
3349
6751
6491
9159
7651
1580
4964
381
6407
9766
7607
6497
5163
2920
39
5157
928
8410
7178
4044
6891
5011
9420
3167
1089
5647
2373
1765
8159
8223
3076
6928
6146
9542
2479
225
9456
4264
1271
9792
2372
3674
5763
7405
580
6698
2540
5557
8768
9081
2080
7768
4450
616
1500
628
1088
7877
2033
223
4383
3426
7627
816
8839
6639
5813
1122
2787
7729
2542
985
976
7755
5750
9886
6741
9861
2236
9312
3719
6544
3645
5321
6384
5330
9362
4036
5100
8373
8037
3727
1794
6403
2917
9636
9679
6442
2201
1089
3714
2574
3912
5548
1021
8146
8337
8263
2976
1241
4982
5919
3832
1101
5126
4825
8346
5816
1512
2326
8894
2683
6061
5822
438
7587
1284
8485
7268
3680
353
2500
9667
1769
775
1393
5598
556
4743
5474
9364
6733
5487
9929
3760
1856
5605
7945
838
1700
7855
2993
2635
1614
5405
8218
1581
1456
2631
6794
153
5893
8116
7345
314
6233
6754
3150
7860
4399
9257
4892
9405
3186
4753
8223
4500
1441
8557
8078
2511
1615
9024
6990
4963
7507
1036
3061
9052
4251
8048
5149
5037
8867
346
3488
5355
9336
6902
1921
1169
660
1096
659
4926
1116
9735
9536
4601
8358
5889
9532
3408
3886
302
4392
770
2630
970
3273
5945
7619
2830
3179
4704
3780
25
3608
2163
3359
9784
5727
8769
5196
1210
3013
2122
9183
751
7563
8581
7031
3260
8909
3574
1997
2727
3752
8364
7570
5153
8488
5341
1853
7524
9942
8306
7120
2321
3156
8500
8608
1768
4244
9307
4839
6312
6540
8356
3078
812
2453
4615
4335
1948
6084
9969
260
9585
351
6167
8194
4216
1825
2349
6579
6666
7219
8902
4685
9554
6306
4982
9703
1571
1181
6635
1643
9952
7370
7490
6434
7499
5321
7396
9427
7902
4182
6513
8354
7804
72
7291
3691
8841
1752