91839
19621
36019
36760
43699
32129
30948
73227
20244
54671
9881
12186
10201
82112
77985
31034
62898
33586
82594
44736
18250
14110
61356
57541
72137
26912
42446
90647
76888
61522
37950
37
1839
50341
23882
89503
72311
96957
93671
77424
89627
2325
76458
58573
14361
91539
60409
12129
889
9535
8185
78751
72489
60144
21705
17482
98306
35084
84622
83266
74270
63318
64802
98911
44901
69761
60173
75552
80132
2919
25595
32021
38844
27507
82341
55953
32205
42070
92459
64278
98186
70084
41575
62823
29774
66426
31705
30254
47897
98750
58864
49474
88578
85486
49056
6481
78520
48215
95626
30728
43056
97928
37535
48667
25297
58426
13634
6047
42237
80178
7516
41704
66659
27057
95703
80753
51576
53256
8652
61390
30631
17215
71212
66743
83480
45143
98960
22556
58149
20646
91594
65671
20983
10271
56405
89786
15106
74983
46795
65002
92670
18271
89665
49806
80589
25360
64480
50422
23769
26892
62533
38874
15492
49436
1511
55566
81851
23939
96068
47445
94379
1488
78788
30833
74263
11904
48911
6956
85552
62463
88486
82285
23625
26496
41677
13900
11720
77882
17841
68094
16338
10632
9154
59303
56686
37866
56006
81783
37478
76551
45542
98505
39078
52250
90688
85730
59203
61994
54340
89666
44100
65663
35674
18391
6651
24023
34589
7038
72242
8357
27476
50166
35813
88823
94815
52565
41716
16843
32197
23953
32919
60391
48476
11272
94863
33837
1408
88494
42942
65350
84463
2710
69619
14133
22533
12631
84874
16587
99440
94999
73165
41983
90808
51960
77003
78623
6863
24104
35171
97324
72557
98426
12533
20323
46665
73030
47220
30823
68886
50369
94150
33838
40060
98961
73293
46785
52052
67307
60741
2965
98753
10223
76713
57521
11758
86218
40559
3688
43580
81728
85803
74040
51871
58697
36827
94366
68485
93893
28005
90766
46814
50138
97113
5416
63269
2103
87361
23748
70150
65961
66820
59328
99409
56672
70871
19477
71099
24749
65561
65878
25220
41152
22815
83505
42869
52468
70797
25195
7119
68803
833
19142
75611
99261
11969
4485
10363
55038
47365
9363
79788
83778
28215
91702
27269
99410
57902
78588
75219
77959
30736
59651
74271
6777
62236
31956
62317
84359
12387
31195
21577
84334
56892
97461
84574
28024
78809
74283
35102
8552
58029
6632
41743
94141
21763
71292
81073
3584
18304
47462
33469
37988
58899
18749
90150
29994
96337
488
79278
31112
4648
1114
74945
49723
62614
33163
54434
83168
88525
53398
95309
66127
39296
45756
24650
65081
44719
77524
22902
73580
28748
56378
61235
8109
20515
26935
99757
82267
24746
58361
5269
88821
60360
76669
32208
38312
35202
61071
61663
74254
86745
45926
29951
81285
72050
22612
9932
91752
34193
96144
66818
95743
56424
4190
75637
73983
32966
77996
68044
36953
80839
16645
42070
57967
85936
75390
68117
7769
54542
67004
50003
83791
41319
35719
85367
41003
23852
23449
34033
24018
96992
31974
71547
98948
75541
39421
83492
72018
3309
55278
13150
866
1339
35506
58790
71028
72999
96715
75497
74537
45060
89731
6317
80905
93146
19525
89529
69464
66466
49221
30102
61255
24954
45654
11882
77320
16671
29138
98490
68194
16571
78521
43861
96067
59058
93577
2991
60224
80036
88984
72857
93465
6689
67191
20144
58919
6538
33773
49513
13661
16800
20295
22931
39439
88784
28875
6299
90907
36992
31723
35973
97093
89383
31145
84021
55755
43111
62815
5012
30279
77706
44141
66230
21851
51642
81893
87533
71863
45909
4301
67909
52672
12623
38163
90415
25811
5331
70188
49425
71398
98072
6435
74370
88564
96461
14749
68503
78987
93532
1549
59421
83231
17499
23651
54781
86549
75904
45402
93996
48056
45953
76236
51279
80738
79812
93836
87879
22012
37971
16661
60700
21264
90125
70835
19425
36181
17160
65234
14693
74626
95770
18441
13550
25274
75927
31172
36400
38179
2749
89464
74817
74215
51929
83958
55129
50014
33578
38428
55867
18083
19197
282
7414
89298
5696
55371
3452
32911
71662
28804
47986
63745
65557
10642
86093
87077
58084
75075
63523
60727
88863
73238
8104
28180
35522
9933
53315
41768
2061
40275
89464
86746
64890
48484
38593
92771
72356
33020
52623
9162
95503
31915
53168
9048
51644
8674
7839
97066
79386
13291
33530
68570
39755
86860
70816
97317
40494
9237
85277
67235
95142
66387
26833
29722
62141
45788
54769
35796
84
30871
28928
7792
11200
70496
61023
23076
38013
24781
37004
82606
66077
59056
77925
23026
7601
91110
99545
40053
16825
6083
11290
55732
78369
64814
66467
71719
42777
90969
5928
46312
11344
53870
78056
37527
68471
73975
10117
47306
98848
41469
62134
91087
84014
91497
97177
9682
43044
7098
64621
5292
64334
50120
60927
48816
72828
52533
74585
27826
8603
11691
31692
71144
96529
54020
47866
77161
68849
91974
88113
62378
50491
22009
47784
33071
97364
33526
5839
81622
28975
5026
16132
18585
25313
96199
88826
76249
9773
71473
89159
31036
22587
14090
63402
72435
53231
51103
98837
38644
64658
84927
17231
17553
87594
6123
33079
52676
82549
73405
51872
19785
95755
83576
26005
19379
95307
38857
90245
51302
95357
47921
3567
46016
61261
39939
63374
59229
22555
89926
42842
53744
5986
14969
30721
8471
67884
62450
69350
90771
468
88229
26224
21368
94073
68079
24452
65019
91296
34515
43108
54764
20112
47586
75021
71166
92071
93429
3425
80541
85828
4476
68992
45725
78108
79222
69601
70823
9850
56246
5897
70173
11818
65417
49167
14773
12724
83574
2277
23234
65879
44257
21296
55243
49347
82428
22566
50359
75019
7516
17421
42563
33181
87748
78394
26895
71997
1351
27917
98178
48027
25710
75493
99200
9958
43167
92756
48473
26703
45673
39036
71598
71319
59191
95509
99131
26251
95347
80293
62340
39505
66035
44439
81345
4747
53246
32559
75576
60292
80266
9815
37266
32285
12737
52473
89149
86041
60544
6061
22901
91690
1159
11019
29481
17108
31973
34486
7413
22547
23430
40249
39513
38909
82456
8644
65478
89859
1115
30116
23937
41951
35116
99750
5491
20818
75024
85407
88431
10246
81648
22816
41847
31293
95366
30122
57028
62515
81801
54913
72022
82229
15333
26700
39289
89840
69709
37775
31159
10168
46256
55068
26122
68441
70162
22938
64858
35838
85239
86911
19132
16988
95200
21825
57115
85052
32920
80303
22748
5530
42042
1294
99511
30327
12321
84130
64921
81510
61238
612
85853
85257
35749
26829
16561
14023
98080
2344
46464
67743
76237
15203
84488
35914
89720
55125
7070
69931
23663
57150
25633
18453
80238
56088
11993
64689
88654
38843
90010
8954
10657
68724
96385
89237
36544
54660
41022
32625
53485
37358
49550
5903
82034
62492
67446
99649
51124
79844
75684
42231
73532
30128
34706
76195
50348
28354
92099
84383
47716
48744
32613
15217
60100
99238
38378
36562
66709
9819
16293
93993
45302
92347
54796
73148
39449
34268
80392
50760
85969
22088
86606
69876
80888
14037
64023
93899
7362
69347
77612
73576
68666
10392
68170
72470
19830
38082
35847
33471
78399
19554
58848
5410
80771
81525
25521
48658
25335
24480
24726
45472
56233
4455
55641
4083
43050
83682
13213
69787
64145
99701
85493
69682
8056
58971
67079
87866
76358
13776
35201
22337
48216
89832
43045
31167
62689
36713
16757
29116
47976
23568
54444
65125
5371
7679
86070
20789
46274
47611
33494
97303
1953
16304
36648
96335
20089
87158
74060
29734
77141
12158
35268
55774
68289
67012
33803
36088
50547
22778
35437
13925
48479
34245
5985
32573
19650
62141
71441
15226
50000
96408
39879
6815
87999
16273
93488
7330
80512
21308
81227
26433
31653
37796
12425
56345
23256
58493
54301
94767
2284
10614
26757
39809
48281
47985
58655
74592
57920
33379
6109
77421
60592
4225
5400
89546
93871
90636
3552
28327
76086
79674
69403
39441
68307
61850
69755
78185
9538
10502
65955
10473
65702
13919
54649
12683
74682
81525
33650
26886
35224
27307
4365
85366
8822
39315
41190
12961
97924
33128
51870
19419
96012
28245
66563
43539
20753
94029
87711
49769
25736
73320
97004
90267
28704
50960
22236
89482
48859
84807
15932
62044
79807
86652
30115
92131
46300
87117
20024
44893
57691
79694
52173
27405
8581
90525
88596
43300
83182
73875
97990
11369
50046
18615
83069
41761
37980
1727
49429
64799
14571
66060
50700
61966
62484
30743
49889
30760
40248
22865
12499
29021
73590
59741
9051
75804
62231
95820
81816
41021
71782
11283
75714
69022
59448
20442
2837
52688
74276
34263
69430
74163
34102
23344
41111
56315
74498
73006
29108
67449
90789
67305
20283
18785
51434
64807
44946
50282
23488
83071
77543
40621
63017
75046
16585
30912
9836
13000
11186
22359
92456
27162
29324
95080
12176
15670
45247
60457
80683
80378
41021
18967
47283
38234
77589
17403
18677
86122
49179
28432
63336
95376
32349
88877
45757
16748
27991
68041
27833
48741
83494
42139
79142
30222
81402
9663
49431
68708
39986
37410
40797
48854
18644
11176
77059
35263
27456
75438
30349
33062
65818
44366
700
46428
91040
51186
62219
23777
4214
7600
66383
63819
18729
73954
30831
32610
34705
19509
73557
76489
18921
78402
29052
52922
96025
79943
92160
64059
74405
46293
25835
51894
62041
61850
43227
491
22717
2134
57838
49924
11000
65089
6052
17651
395
47017
18940
52442
15459
72391
44042
35038
67383
62591
23643
24009
59782
34269
17588
53103
12784
74403
99147
37007
11329
97935
76296
1367
39619
76070
24973
35109
71672
88890
58526
34955
63115
66272
64440
65021
60082
37048
12838
4786
66419
43749
27365
78238
88967
57444
34750
90883
21399
20940
40997
26285
81897
35816
46976
71633
85168
42641
82612
13736
4096
31315
57546
20860
63213
65422
70473
17840
28354
2547
39350
62465
40419
98497
35042
68478
85924
92768
72759
56665
5851
7551
5885
47906
91250
7494
33144
68801
9806
32776
21154
72436
10069
84326
81497
907
29642
59689
78856
16507
52344
78952
2995
75945
68957
55319
84029
40210
72556
85755
54339
73883
31584
94741
4024
67619
59493
83958
86478
42967
8798
42044
83127
75576
41782
70378
46209
45283
62473
51131
76897
46846
48435
78459
65696
76561
7617
38597
48162
49163
49214
15029
46419
56613
97489
80333
40237
40790
49905
83708
82897
3057
1677
30451
4393
36541
87036
99421
49591
29044
85162
96164
3048
42883
73335
93374
71629
80898
48796
70726
48284
5969
34427
25850
21661
86447
20610
82967
53399
82507
68888
69482
55363
92438
52988
42616
25818
8654
74130
10789
41786
29414
30643
70427
32526
70757
20897
11613
93655
78691
80972
22720
25387
40242
86322
13514
30055
39318
33491
81065
99921
42681
70928
36915
24672
27924
5767
22852
42899
12763
3597
18340
86681
47642
12746
36123
3389
8103
15112
98298
33470
31140
16985
45940
81634
6978
10353
68400
43320
31583
20855
95383
99764
60221
6268
29959
45064
86053
6486
54795
82591
91243
60285
51386
42101
51974
87263
55067
86693
25408
2569
81045
96969
11117
42653
90566
68573
99261
92763
14429
32026
64873
43126
67934
85770
21993
92578
74870
42131
35989
88631
68472
25158
57669
12439
88321
39209
94252
52602
79638
37543
64396
9327
92281
32175
73874
31208
6668
72760
21823
43977
72598
78778
31284
75958
82177
72823
58350
62625
50172
42945
68750
36174
29454
57323
62811
72003
63838
94678
54269
81043
44202
39986
93242
8938
92129
72482
81502
67809
88260
78687
53194
55215
22941
26706
68805
83130
24012
99152
85515
3002
96113
17435
33215
18105
77255
6255
72007
67275
9972
34131
92416
22627
522
36988
55636
53848
89524
13613
29497
6937
77202
99547
90021
26969
1332
19783
55595
29692
31366
23322
24434
36528
19113
81342
64663
8890
55231
93188
12697
91148
34613
53156
50892
93380
37912
67439
41470
87452
77935
43442
54350
67397
6410
17638
9962
10262
68983
45839
12895
98975
49487
89937
62404
66558
24883
49805
79208
18011
94780
71415
58132
735
18481
31697
71705
19308
39445
48464
99962
36298
43431
69959
24705
17388
7712
88043
68234
98982
67333
23377
84081
17216
56196
5392
56798
90301
79260
74636
94394
96571
59927
46401
67345
52393
24229
36175
57535
47212
45340
17695
35157
4262
9836
70306
24057
58285
74103
7689
59906
87379
92954
97796
92372
21888
35273
58375
34556
22324
28934
37006
39755
18947
91643
51424
44333
83248
64580
14097
48886
98377
62824
90129
95948
8623
43340
93291
54850
35517
55267
34707
76980
74433
37857
2899
89674
97772
87771
42797
81174
26186
49497
68268
10072
31273
46493
76670
51529
82015
13783
12446
2141
79254
81358
85540
96142
89380
77307
57152
50761
48912
43507
66348
27685
7595
40675
30559
41105
30054
83488
29315
80187
65894
91793
11600
139
66011
55456
41352
46622
43642
41671
99614
63008
28580
95815
91825
95627
3352
27125
96977
30767
39381
18174
25136
24673
63277
14606
79689
91821
88569
45458
79996
98324
54287
3456
36410
42742
97831
59298
58224
70907
41571
61855
46474
15104
58636
17225
97559
88955
49262
93779
27258
60055
765
18658
69028
77037
86349
68186
84425
73073
18731
59244
13401
96767
97142
5426
97579
7505
78387
9233
57179
85070
78113
54
5998
19826
30286
1533
59177
38497
49663
11387
91179
33018
64022
82338
59069
27988
45281
52547
25853
83189
26062
25756
61105
82562
74950
85558
39901
92181
86687
47159
21011
27599
9086
26138
9675
16773
59310
74325
91560
63395
1657
79708
38583
1727
17221
93663
68179
66445
40657
33904
20141
24087
85910
54095
5429
30110
85627
52472
50894
4103
81325
7765
17094
81855
93498
80002
11638
27210
98526
41424
94785
37195
57377
41725
6825
12606
36865
8973
96493
36888
46734
53656
18702
36297
1150
83103
18553
47888
33670
42014
77106
2683
39547
4660
33837
25488
80813
55449
25408
57994
66703
40699
58280
69833
7709
61916
4024
25099
10228
65373
57709
17174
81715
50213
17338
2247
83348
84082
43718
5711
8279
56633
52440
45315
87124
92830
1496
53846
79914
32980
63117
1260
82680
92202
47043
79898
59771
64393
4308
66431
91678
25712
572
39243
62658
8974
97563
21781
4538
45784
79628
71423
66031
31917
14365
22109
99764
86953
71010
11197
48533
3523
40463
30531
20003
41710
20571
9485
60098
42756
52172
66749
602
21412
84313
30156
64949
71511
38316
2899
73409
22941
22873
88049
6265
21667
16443
52832
82168
84407
11785
38085
63051
92394
94386
36173
88226
12957
99929
83799
64605
68418
32808
58949
19630
46207
69199
59272
48431
26362
61330
18319
2199
59606
97661
18648
89907
42222
38861
53010
79688
27848
8723
86494
41965
80197
60207
2104
40104
40986
45848
61118
30367
1085
40440
53363
94652
64072
72081
76110
81556
56213
98018
99912
28183
12525
85456
32692
99163
95128
70104
62575
18136
47345
67876
6040
34556
13314
16778
28730
79020
87658
18879
69646
85673
19730
32301
30864
99776
19477
57897
11226
2165
79724
82881
65805
49643
67448
11749
48869
29497
17329
71972
11895
71985
75794
74252
32388
97343
32229
74698
55145
22036
25637
86514
88162
28393
16004
42806
38590
1614
33763
19048
79228
26945
40122
66510
51787
41879
80211
3331
88801
89019
72520
91747
30507
49596
42442
39027
22749
19107
48182
86494
59656
80830
51156
3925
47605
78003
99231
10422
81913
16809
402
59444
81026
98081
46782
43512
71350
60497
54936
23140
52147
33881
34529
43587
94687
45701
67076
1803
88663
8236
23009
28409
27106
11181
51110
71403
77666
45461
86026
8042
7918
670
86494
37804
83877
67873
18674
68925
8282
60791
67460
41313
82626
8370
64756
36710
71780
92330
81419
34130
33412
55015
9010
7978
98265
19200
41108
41080
58260
31240
48073
97202
77312
59871
42638
56109
79275
93190
8958
9854
74788
51412
91552
53039
4948
26648
63219
34536
66165
10687
16530
61555
25457
42845
40426
1056
72101
65057
83657
91493
99548
17331
47483
50624
61197
85901
35667
35212
10401
48106
59836
17037
34469
98044
28128
15229
94352
43774
75990
71335
95068
78337
49448
81457
95781
29376
13995
90867
11445
68853
79065
12355
78627
11750
27230
98145
5908
78302
27232
48441
84335
17212
10862
30101
46552
60967
20281
13503
95820
8094
94133
96759
66590
66383
56637
97539
12795
17967
38971
36016
48779
4320
81914
88819
6131
32897
6608
73665
6914
68500
38873
19366
9317
49681
36177
58482
65084
76321
1345
79647
69189
86548
24576
49604
51371
29920
74678
38433
19276
89239
41792
29306
30651
60494
3683
5371
91908
29820
79609
81380
93508
15078
57439
48710
83696
95721
9751
33441
66510
19266
63595
17900
54732
21612
76667
48727
13656
35261
27241
69384
35471
68337
56085
61809
89751
87057
34695
59126
69647
22293
22644
62103
25362
22415
40004
43531
14638
26624
18695
12892
84697
24431
53043
16789
42284
99646
9857
87241
93653
73723
15566
52543
4891
94054
53621
54933
8537
8876
66775
73120
13156
31344
58026
69244
64260
13518
57637
30971
10086
9478
83068
24163
25297
863
38484
18130
63080
49568
58336
65598
73362
77633
8571
77894
67962
912
38582
76843
43123
24152
23332
81529
67907
27420
25829
79223
78007
55464
36580
21715
21934
52702
21093
34990
24485
35661
49828
3218
37495
8329
76709
95887
44422
75959
86195
21883
9441
90319
78122
5534
47214
41639
98909
91062
54982
68097
77919
57170
83090
82359
76129
890
79232
89286
84328
68903
9628
46244
25111
45177
83497
40486
8460
29427
64979
16066
48677
93467
71579
70827
98661
62871
43405
44143
18911
96727
2354
39328
31058
20047
95271
91080
21685
27535
48314
46176
45010
4391
80534
33960
40237
42840
99668
19513
45309
69642
53693
77662
52129
19573
17939
67988
62100
91167
30865
69988
77122
31626
99666
67753
26740
29711
58500
12022
63358
32194
24
85715
20394
59450
62597
96625
3230
67099
64626
21888
71138
73655
31330
69540
38154
74020
67216
65188
71774
92620
40161
49168
39281
88437
26597
55237
24943
93571
9388
53525
38889
3371
15416
66594
33767
11413
21928
16066
86850
5824
65767
80145
89333
91493
56812
22607
60257
9501
21139
15440
45720
45287
76028
33193
25960
86720
47227
74993
15478
74281
79134
6018
5342
98289
99773
36296
9686
80141
96342
12468
35563
68468
86376
24911
53750
40859
18045
10972
3056
18583
52753
15851
73789
68374
95695
16167
70010
64465
19705
73593
12376
77226
27106
139
81760
19655
83830
96173
97029
97203
45486
38907
45398
81960
47518
27410
34538
33594
58723
58105
31702
53004
59217
43467
95798
13552
90691
9265
78052
97322
6367
68256
70769
80903
66669
46814
51019
24196
9703
52335
3272
25688
84060
63432
44190
25178
62680
33758
45699
59878
21638
38051
91699
20720
41821
77566
93324
17234
85637
48152
10115
92119
43094
3074
567
67836
11628
69977
7766
71084
10725
46287
97762
79384
43769
66053
47080
82462
25691
25747
97073
92910
11127
6691
80180
31516
6955
74803
73765
12434
50983
51634
51553
47341
76575
24514
68053
31928
10760
93185
53512
98971
55363
22618
53206
58772
23154
73458
78231
78964
73800
90376
9310
66371
66134
69637
83633
47747
8411
62930
5391
60031
41220
51684
67626
75016
60775
97529
5545
97299
23637
49789
15959
6252
50182
89282
33961
17297
65592
28126
38439
19315
61934
51408
25206
23264
54346
51662
61766
95715
515
36371
94213
13769
76244
92253
59084
26417
98789
90277
20805
97022
19316
27610
5815
76339
15384
12396
43757
55972
61867
10155
71260
45062
90628
23060
99417
39634
30388
90134
1758
21000
770
43996
1113
89702
95064
55812
343
52640
38026
24971
82850
21174
39327
19956
82131
55138
33439
50659
24187
8426
27968
71550
44750
20606
57957
58705
33090
145
39489
21018
98249
58850
82349
80790
95465
27775
3956
98097
75694
36978
82632
7594
41834
98900
40408
63464
53613
31811
33438
26776
96129
9306
91901
93558
15954
75522
6342
60247
7929
9702
74738
9625
1422
18750
29230
86444
23948
61076
12399
81433
90232
98451
33432
81813
1818
40232
60236
27940
66429
63857
65687
83711
68486
3308
6548
79244
91108
85120
44536
34757
18978
66608
68282
61772
78877
14555
73367
5800
70605
52067
1553
75379
81035
66579
23740
29286
23023
92219
57961
61798
37955
52829
5287
40875
87151
95192
38789
65410
57161
13415
33860
33701
53149
92002
53389
7129
51401
6724
78620
71490
23188
50759
78248
65466
52647
60864
21115
96774
29435
38616
62601
86969
3224
16414
74338
92443
75039
45385
9909
28520
2608
12374
62987
51740
95294
46697
31668
62853
41370
51351
98149
538
57435
21324
50457
42822
50496
65099
73237
78824
84268
44714
24700
78401
49652
30120
29995
56239
6972
75868
45362
36107
24332
99738
6993
74555
25569
66652
67542
40014
68776
69611
57930
88870
84377
34223
23283
6144
84037
87355
13970
96822
24381
49266
803
31088
3464
22112
4751
24888
95831
37350
4734
2285
49195
34628
52290
46231
46428
85729
81709
89104
62063
47897
52992
50917
53131
39184
25176
72862
56753
64490
84539
7753
94268
23883
38164
65335
35778
5223
90963
36342
35030
85931
37033
72533
97330
53315
54386
69560
63478
18063
3713
93090
15899
2853
41423
39393
14385
20282
13471
39080
26414
29097
99513
74777
66595
68581
83345
25479
90807
25217
43923
43671
36740
93127
20209
49430
4748
25549
48090
70579
17997
6543
27516
50884
72441
81281
17283
36125
64966
62721
87517
51232
11000
19697
70
47502
15180
52000
30377
9973
18030
97725
94352
61700
9389
89920
68788
39230
55457
97222
91012
92667
88364
96143
5926
10362
26378
99421
37404
88066
22406
1101
45199
90005
4931
55614
33581
65129
93898
925
90182
58279
12663
59334
32536
56163
45046
8526
35752
47275
79009
2798
5028
55107
70613
92930
88738
59570
53903
42240
79503
58833
91474
61687
43413
19991
76021
78160
65274
80667
10675
83659
12471
42386
89184
99414
81414
93922
38852
16295
90724
7816
12681
40689
9487
73056
52623
39699
16054
6499
30700
20647
57064
2004
22511
94103
84911
78475
39048
2161
26710
45147
50608
17851
53954
33172
40405
85583
72872
81983
32220
62754
69315
39733
25225
43762
66395
82615
49300
3693
2055
44306
35947
88554
32168
37667
63885
61841
95494
42015
82663
62917
14926
54914
25272
51047
46670
79896
96192
46931
17177
95278
47098
96280
34695
787
86920
85427
76637
26033
78229
13380
23947
42667
48206
8539
92819
4550
93396
60786
39764
86727
27998
8901
29646
1456
85954
4346
37634
16446
41770
97051
16823
78591
77428
44761
96309
52665
20438
88593
26834
32107
24053
41698
17654
80261
26066
63867
79693
71568
9500
9691
44282
36183
16381
49789
75074
73134
29139
46534
15467
11536
97650
58357
2873
97768
78163
5433
436
3890
90847
40458
86934
46485
82746
82755
21548
19305
28496
48857
27354
68310
84970
21561
94751
27118
63070
50354
22420
19059
41445
63700
17101
6119
47609
93420
2277
66011
180
36063
41600
91628
57243
72127
82761
27468
42073
49414
66077
55986
55338
74285
33942
38945
87447
94568
69676
5512
7952
39508
28079
96466
10207
18721
48081
38954
80661
67539
17981
95568
46958
37975
63368
31204
65089
42513
6376
96053
87704
41739
7697
47359
27169
47932
45869
30342
99496
93392
96957
6130
18495
15739
61661
57487
38770
82830
53333
32181
88252
89372
84807
95701
68089
81659
92049
20936
8804
4600
18201
21725
49126
95343
20309
85926
69900
64201
88143
21638
81769
21462
25718
84363
74508
34482
1426
12059
1647
54909
96685
8319
39391
14794
74602
40238
27740
54670
15686
49585
72805
99263
2015
68788
36426
28879
34047
526
12914
13244
69810
97883
59572
55615
51851
66171
25274
78896
13467
85076
52887
76817
47524
59179
18922
5869
92527
51984
84679
43682
44284
70146
85760
23385
12144
65331
83190
98268
61494
65679
39475
99086
69578
12268
53500
91172
43633
20503
56064
8181
86332
82256
26742
45857
57137
21270
24389
82868
3143
3252
37152
82278
30210
27662
1200
50423
21747
31525
22287
88188
45388
64796
22127
79048
32566
10589
84220
79985
92718
31401
92834
33296
32616
67804
23383
95245
73102
77049
66796
33199
10652
85894
35890
74743
44807
38808
64223
42068
19768
89406
88016
82133
13865
12110
77371
14540
75328
10552
56149
47886
4162
65910
34140
15284
431
83165
39016
45990
87483
57853
89506
29316
31275
81649
95443
78070
42688
18276
6487
53418
71189
78912
71779
28452
56581
90108
16653
76032
52157
58259
65756
74698
77122
6348
12452
76754
92089
7071
93889
80747
33817
65060
14670
6964
85561
62428
91448
92137
55611
8684
13113
42889
63171
19231
80490
73945
51567
14683
60527
13192
86058
214
58677
42746
96441
43654
77395
27386
11149
52261
64081
91102
5998
9931
31723
86195
28610
20606
96170
11238
39835
18672
81062
29029
85063
99804
81324
86789
43506
84998
13151
13327
68852
16749
28750
83742
79631
46902
41787
92212
34946
1526
68492
43405
71462
17161
58448
83543
94248
40893
65343
60404
79255
55889
22244
73549
77836
68486
45470
70281
99032
72730
57118
55326
29014
38803
57243
51230
27384
51819
98428
11589
60406
99227
33282
4302
61162
45327
582
12147
73635
94337
86650
96360
57265
80212
16738
57077
27741
66831
26418
64246
19456
43070
70812
54583
44267
64289
97185
52675
10495
51325
38579
82842
70345
86936
77435
66231
2564
93224
23535
38480
85690
66073
39422
39671
62789
17160
35268
90904
82919
77299
23445
30783
16253
3315
46874
29515
34717
25125
80339
36142
56880
39681
66135
66889
10140
73195
66906
1866
5381
41651
22787
44116
20242
1631
65585
48658
8913
57130
40471
79578
23904
70908
8123
554
47293
20729
8963
42854
48614
83466
63197
8723
54422
37942
7619
46297
74674
52544
12546
39183
95970
32783
87532
38988
9957
75706
20882
28725
68000
97707
12752
69455
61859
92515
86671
64120
87840
27740
89546
5783
53237
42193
18919
18288
6542
52259
98556
50089
41457
64812
76263
57052
54002
17593
82552
2114
60980
7368
51651
82008
84932
51761
27083
67207
25951
66970
78751
19666
98493
96952
83235
83
73589
38554
30857
18171
73212
48450
63970
26075
89808
34927
66596
83451
51964
18293
48338
81724
5174
95848
12782
11641
57006
10845
25709
37173
33947
42457
8268
69773
95856
81483
8036
92265
59327
90902
80844
82212
31285
91207
71332
38121
84107
57293
45883
13743
70188
19428
31590
87433
73952
36881
99301
43847
58335
64534
14242
30470
69760
30955
97135
89292
29792
35377
98858
25694
82186
53007
23090
29576
46893
86159
94323
37098
55642
68498
12925
86141
66483
75883
41052
27810
97744
46074
659
13733
72377
45952
11198
77493
20969
13415
6895
78341
61233
30477
91312
54599
3102
93086
28487
14288
48905
87214
47383
37819
42345
18679
18268
1812
85498
40937
23039
80135
2384
32640
14034
42990
18188
47050
15655
84843
76135
28596
62273
59250
51449
88417
22407
97189
85513
38094
31248
5669
83318
75181
76517
21277
32552
15626
49675
38566
85554
52314
72989
23445
92923
223
10034
46122
92076
60527
29264
2541
38543
55409
66842
84227
79655
68887
66122
90609
18270
40087
27022
98395
58842
74446
85757
25845
32605
30923
37503
13269
63244
61199
23789
49621
957
16809
49637
85273
90988
68610
20723
28313
78893
41526
63036
15168
97826
97940
82380
80383
53106
36062
50375
33374
90341
66222
40767
32855
22308
81258
59436
40212
77987
92719
83830
93862
91641
56949
46796
4144
69505
61520
42165
75900
77527
4016
82442
97891
28668
61494
77571
97380
90119
12904
48264
27249
53091
99557
74067
20435
25484
42922
15625
76773
47167
9875
41390
45969
51108
55198
74755
54006
25161
29661
12453
12896
24132
77913
13932
5487
2331
22815
57262
81542
98183
9383
30282
98046
86365
8752
4258
20665
36331
51618
9417
11604
79097
52014
92229
84662
84866
34288
44809
85333
95106
77240
71019
56387
24959
30061
862
41650
5489
90157
1231
83722
50176
31176
10863
10752
35386
22935
64086
68612
61862
94546
43807
10164
70708
95736
51372
49757
54278
15526
76202
51006
17364
74200
43363
19427
72105
76808
74094
7292
37476
61321
43883
9647
53879
41000
15776
93948
50520
37430
79873
82304
3094
17654
89199
14855
76917
48724
9447
65481
36620
88576
40901
36868
59296
26993
91294
53261
14101
89686
40759
629
32929
37181
99499
76240
92099
64295
40122
36820
94029
29593
43457
45948
89760
2455
58408
43154
36453
52109
36226
8310
88932
12295
44751
92462
17437
4391
81693
91509
84251
44545
92728
75526
94947
87954
26667
72749
62717
43801
80854
40158
54393
73366
28381
29060
74485
93662
53681
40877
45710
68614
3298
12832
43804
76678
63203
28092
80591
23298
76870
51373
24028
34698
26177
5813
13385
18166
88122
43597
46931
87405
39174
63892
29653
45310
73770
40402
99761
48517
60913
94316
30758
73464
49094
79432
40993
15189
39026
25858
96049
54557
59875
27217
75997
79946
95170
37837
56038
79084
20710
11118
10416
75137
13925
72239
52230
9538
13335
84447
13389
52737
32153
4349
152
25075
26550
58622
78905
58105
2962
60919
38923
5815
92579
4485
30748
16156
8851
7746
92119
10431
51698
98115
63914
91613
67229
47457
83107
31009
22431
11808
68296
20397
81358
77452
35994
5122
91900
37631
26481
88416
3512
68761
11253
50964
56380
59130
40199
25983
40545
82779
80305
43667
44537
57847
47854
83214
82027
27557
19203
15327
94372
95835
80963
4674
84718
11075
8825
58945
1692
32081
71124
17971
73873
9809
96156
17289
33672
36775
73232
1438
23125
83288
20222
46162
37329
48901
83622
31692
51465
58868
23388
92411
19794
21152
84571
86820
52880
29696
1480
17373
51900
22833
96562
14233
34561
84504
94804
89070
68921
825
49666
53037
90912
75786
26521
99843
59763
81665
98569
36052
1079
37381
86206
18589
63538
2183
56618
90241
1588
10988
4159
2388
80657
732
94297
96494
14179
79851
69065
95770
87864
6691
31378
6363
81838
1743
11168
86647
14368
40449
53697
58541
21057
899
88036
98658
91028
11349
80032
16265
37821
54621
78516
4169
56520
6023
44073
46656
96993
35253
82316
89583
46296
3752
14218
17938
96448
25137
29653
90798
62895
16373
30389
22762
87339
90623
53575
68696
11064
63918
39493
55444
20164
61039
2130
65991
64040
48526
12045
87969
16929
66162
76954
70258
78128
99024
40405
44702
12345
54017
72854
63209
32849
55564
74171
80745
59427
96143
40502
36223
11950
78889
4301
11141
9299
46886
73588
12922
46690
73246
13978
20092
12343
50606
47610
59653
24989
32635
42570
47168
58657
51837
9827
97187
56421
90834
12961
76041
37396
10144
86790
37643
12498
33729
51637
43264
73169
62829
66509
56074
74130
16526
54240
76228
52215
76870
97958
71928
62391
61683
71629
32595
7413
42136
51227
91920
76489
49592
95291
30747
97228
65661
11258
10925
68662
45983
90994
62869
9795
79563
45738
86386
31210
71892
49882
4429
78323
61698
88950
28187
3160
54858
17067
31629
1274
89319
88456
33066
98085
31670
86024
23532
2793
16741
22989
50227
42617
5263
5608
21327
71447
40573
94592
5812
94491
48803
8970
7161
99384
40780
33394
46398
15671
23087
89652
38153
75229
52386
11308
76187
43170
49331
99434
45550
45518
51035
63032
31541
86918
17814
49856
40760
30883
52112
26055
63882
94244
38322
12366
18247
19299
55512
44758
72908
21120
44717
14893
76654
72973
1740
61156
72201
27689
69360
80491
12876
30760
716
89818
10660
51531
97585
2203
35974
22902
16805
74278
15219
10592
8401
1236
64073
83133
2549
75221
10649
65918
85113
74565
27769
90876
71024
30629
447
61141
45038
41470
39802
57727
11268
17566
32666
83390
62848
31933
85690
94217
23197
55741
15849
36893
92877
2850
15635
67375
84286
44898
33394
84624
5458
52989
94906
32853
57897
29406
62930
69250
94090
18122
11029
3069
29525
15800
37940
39532
70970
70265
38977
74714
6055
18436
56160
44791
53321
85375
21920
97227
93145
18448
68062
88192
78859
60524
84191
11491
5040
49142
76707
74934
15663
73285
75493
19552
92192
48987
92584
82441
99701
6113
19106
52565
37645
52266
66576
93231
43601
48582
12247
83536
39499
79289
89793
23005
24458
40733
47388
59353
41650
77077
81337
71070
79856
48981
79195
37827
63392
37299
50840
10116
69685
96141
33750
74589
92873
16968
25743
43492
65752
19004
19327
19291
47227
53392
89670
70471
23913
45508
16514
18650
42318
4293
93861
39659
61754
11969
31166
4560
90695
55150
31702
79362
53926
80443
21810
85142
62810
257
7450
82348
21976
9206
71749
7614
54553
70197
93577
68278
57504
84806
93643
89859
37738
65474
6223
66870
41100
62727
45456
50959
87630
61459
61732
90544
49918
12046
83856
93954
68317
80333
49163
17108
36439
36538
96447
40027
18788
66588
50253
17490
16737
9368
739
62959
83325
13642
99949
65862
85655
8484
33758
52094
99989
11366
37536
21369
76917
10581
50481
8175
12418
61107
9200
76356
71866
76174
87210
63919
29074
20455
40815
51545
97876
51200
21624
31564
73563
41760
85886
26386
24187
81264
38592
43197
35442
65857
80313
80907
72621
91529
67888
73044
79916
79848
79651
93333
25267
22135
24696
5687
59026
16551
5858
34480
84592
42289
23084
77280
77539
22433
41801
72376
90382
56565
35721
95884
56455
66381
27893
32005
31875
15807
61199
92045
14064
86671
70683
27136
10808
56554
64574
13585
4264
45493
67659
2986
12755
80788
48969
88862
37510
59346
88149
88010
66347
75201
65307
62048
12915
26000
99034
4133
34118
9487
90497
26976
81025
21828
49814
12499
40028
17831
71575
35805
22752
79559
37243
12484
18206
37590
73462
39060
231
59238
48168
44377
27096
62234
65714
18136
68432
34452
43694
10766
57274
64212
46248
26829
62232
31244
38035
76903
63547
9788
25623
78270
46059
83154
98626
60942
97629
75376
86614
7742
50429
92168
346
97508
83046
73952
9234
99967
99499
75814
31196
79566
93784
97511
21103
82329
64100
70347
21108
99811
51606
95775
17247
43846
34868
52142
40613
32699
38350
9909
37113
26421
14787
89956
209
54624
52123
33406
66367
26613
3210
1610
87980
52316
27353
97239
51176
95877
42668
43656
46850
69993
87183
4333
92615
69706
71700
77934
9233
38199
53067
70361
1060
79134
52891
40933
10144
41016
87591
38903
68087
98256
42661
58985
97302
55665
11373
88578
12376
2950
67801
71044
13395
70297
56332
53669
89347
74427
42774
68817
88747
90020
91119
61233
95080
38157
64977
35700
71567
37144
68679
18293
52783
81584
81108
46759
39622
48553
72870
11448
27656
54465
28942
89817
30978
30768
91784
10831
8781
68319
59379
95369
14707
16665
25498
71989
32748
93150
63815
29067
41528
37140
42861
20342
64374
65084
13987
48011
12252
166
68272
98548
51637
24415
64351
79784
64922
12023
90494
66810
43070
20602
23803
5996
99443
66792
36308
8314
90695
35563
64379
83075
13329
76287
95917
46660
22154
89575
57466
41837
37802
5043
67721
1207
28735
40690
55775
42047
31268
84261
22106
88798
92955
96303
13686
30491
98307
22574
70734
50805
26635
40066
76288
87591
87011
67826
76645
58503
79743
71889
89136
85520
26280
71907
66232
68116
88457
13223
94736
55542
90817
43110
6697
5189
35052
6166
78071
63415
99655
70517
14313
49615
84283
18443
11249
90602
55665
64202
97634
21231
37528
90034
23061
68841
85577
78126
66920
25349
46494
78185
37267
21889
7895
29515
83391
36113
81322
64238
57902
66319
48137
25592
97335
16099
57656
6610
18018
2819
94245
66786
34542
38012
90156
3700
25985
80738
90471
45829
57013
91201
97752
26368
92952
65370
25734
48049
56938
12987
30643
81140
43228
16928
72031
26238
42396
62435
6845
77722
68873
92623
67184
75795
66834
63789
40572
32138
23501
38888
7938
43309
44108
52254
95857
85072
19840
46212
60051
79009
57026
53939
78083
66256
28276
63971
23052
12844
67483
23968
95926
52892
34192
57497
9880
10760
83490
23522
67741
22886
7347
87551
73793
21171
50380
64296
53271
46598
6633
94493
65929
63468
53776
55696
98320
60490
78427
14384
3551
83000
8823
33598
79146
55686
48835
8588
12332
10512
16792
47972
3375
77334
25236
78677
5041
42259
17302
11832
67602
57248
21959
94401
43024
68003
46544
20059
9305
46304
68180
32899
71288
72560
85391
44702
38963
7003
54831
26982
16483
53365
11346
6976
540
95399
19958
52339
83308
17708
85805
48884
32100
52316
72376
5827
41466
76720
95310
98240
92489
38975
93624
99995
26746
88612
96922
55129
73691
82251
38116
24637
43642
7705
35549
95002
54982
92798
6718
32480
22456
93836
71330
19816
87490
11840
5839
4624
62445
63027
81280
69177
85810
20767
78303
56533
88090
83210
5472
30935
86457
67684
69863
78671
63136
56562
78641
38010
21914
10954
87875
15767
5378
45438
68301
95120
28902
49719
60481
79911
99142
35276
18351
31374
97518
24388
4464
17802
27249
51982
68923
23734
84474
82352
17052
26090
87280
21006
30326
92457
83233
44219
27243
1903
61388
20970
39996
53567
27629
31909
32123
45187
74871
90594
11749
7046
20778
84854
21601
77626
67550
30074
31255
37339
16869
40814
763
59934
73620
55004
35421
83447
99040
26381
87155
43680
6171
69613
17214
89568
14761
80021
36693
38890
60598
57527
36720
26238
42913
59744
22667
20517
54203
38410
39614
49444
33867
91169
76155
85239
54436
60586
60909
93557
22485
84123
418
3630
40528
36849
23491
1800
65427
40999
9328
63110
27235
56889
63143
36866
95080
82818
69873
9886
94984
79577
65356
97628
52762
79189
30224
19311
56900
50962
9349
68707
51900
12817
84736
93153
81832
53404
92055
88783
19745
58196
302
24865
74570
69436
16469
19507
95626
30517
96261
98388
52783
83952
73892
34091
613
26238
72174
24202
99132
35723
34668
42937
38721
32163
15636
33101
41941
81053
5044
6237
94355
37044
8941
24192
59989
5878
92549
29400
73269
32131
2108
17425
90835
52204
54813
64001
45184
12653
83980
85040
79656
49865
52991
2448
83293
33218
20306
27755
99256
99830
51771
44194
12733
78285
91145
4766
69109
45236
12610
57224
62766
3247
44691
29948
26221
17730
64867
6093
19933
60586
50110
20698
52720
4704
80741
50666
12620
50102
81331
56787
10329
21727
55122
65378
60834
13013
95596
88155
73597
87493
33019
56299
74879
75968
93375
744
86471
74216
72453
73748
23125
43018
91712
27955
92965
72993
47156
33548
85991
65866
71542
18902
76224
86791
70590
45318
80068
60319
47813
91157
46051
8448
68423
81288
49345
63018
25760
26857
82459
35948
66561
28526
25251
11737
10938
47079
18046
30753
10848
12999
8084
56207
56049
42012
74313
92192
53797
93371
84130
24769
79197
39872
15995
42595
54397
28662
68182
31344
90842
46931
98368
78067
57493
27181
1013
97875
10850
36548
70411
19503
47319
50162
22926
98348
4139
66304
14933
352
67733
91672
69863
96732
54195
60942
86553
19967
69661
15581
78816
15243
5168
89291
39236
94350
38826
33692
98962
99024
47581
77733
25487
15532
59513
33272
60359
10355
67085
7376
51507
37828
40532
87572
25399
7042
13289
14457
49315
17053
28554
81693
24954
53223
67113
46802
56633
34811
87638
56359
68969
39439
86206
6706
57873
85281
66076
38744
73931
53546
72765
16069
81752
85521
31133
73175
75462
53907
83266
54367
40403
81041
34239
69887
15824
7823
2616
21190
52904
44133
25443
73226
39837
46720
28788
71921
30342
86676
91390
49908
38919
58527
82707
97955
74801
37931
10119
8974
47848
53737
7927
29470
40299
86942
67440
86464
69491
18892
57702
31969
34268
32515
87882
45860
79038
59054
26534
56771
4104
3536
7779
62864
67982
39279
61460
7923
73118
5064
50543
98085
47016
92893
9362
13312
16785
23190
99695
14829
20279
23603
13684
6427
6486
97501
1017
64754
40454
52453
90719
4797
70121
16556
58218
67676
13251
48956
29586
67046
15627
71905
2841
40844
60
7256
90291
50524
29135
77796
98644
57133
66649
85896
71890
59114
81199
44382
50897
19850
48035
5552
7795
59506
70015
41557
13903
79288
66025
16218
89690
4098
1144
21563
96451
93163
28543
19900
81874
70273
47337
1489
28372
19829
39667
42619
46622
77250
97845
72868
97603
22060
66264
82868
82675
68888
62094
71394
24684
54818
32441
62996
74289
39973
47982
24105
28663
32462
55561
46839
48227
64185
55960
189
83536
39238
99745
55585
12722
82965
25222
9113
2220
8904
79115
96801
12233
78873
2619
26810
22425
36389
28770
74725
53125
31060
53334
96509
94032
64990
40172
90256
88708
13875
17593
49992
65642
19228
84634
56018
14498
91800
55284
2683
5143
10347
76543
47795
408
76139
86585
33027
99240
77605
37285
31784
29678
84357
46549
87732
68272
60910
72804
14502
19758
86780
32044
17289
99138
47164
20719
89969
88140
70394
15575
32659
71412
29335
97088
52566
4956
71931
38478
21918
75953
43607
11489
69318
66712
59339
45675
76167
20475
2349
15112
54631
59676
84898
72251
6441
74352
43132
19209
47280
66128
29953
9689
82611
39694
89470
76780
62184
53845
44711
21384
61095
55505
27691
73864
33681
16540
78426
14550
28745
6177
44978
81184
1594
76416
38691
60294
32318
21283
30149
35428
36393
82490
14792
89699
16051
51101
42847
27236
34282
98334
36046
66638
68760
47716
87825
82511
97401
62451
31347
93381
44814
34351
4937
90906
19237
11215
10997
21152
33870
42173
85008
83285
44310
74654
48626
7983
93749
38091
77817
28008
21033
86386
83597
69360
29602
80189
22253
49081
40642
48646
50463
70946
3019
93548
23342
60073
62789
46191
56038
9460
192
96299
8749
34560
67324
72395
8665
79539
9571
11809
32089
58130
20530
27606
51431
33355
10136
29967
7607
92729
82920
5313
69551
13770
62704
6625
42195
63043
94344
17056
74509
89267
32914
79571
76550
31976
60344
75272
20757
80012
29075
42396
74344
36049
95601
26468
67781
29504
35140
68577
30552
26402
88990
16211
30965
64886
8847
7822
90464
50386
54274
5607
47762
25160
58914
47877
38721
13457
24314
43185
33090
62015
88630
43687
53876
51401
96619
49884
24508
83981
23222
30229
37293
45309
96971
82231
60817
55215
23604
66150
39047
18473
880
51383
71662
4710
41263
88672
68219
37907
59935
39397
91649
20679
19155
87228
21905
24954
8510
68581
12495
19825
50464
97131
99204
25923
42085
82959
64131
15098
96472
14805
89219
50531
50661
71364
92826
89452
66349
29180
2337
45949
5503
33459
35922
6329
69626
41115
27116
92703
6882
1000
45294
24868
2284
15473
86694
33936
20350
51273
91612
74811
13339
9244
42600
81715
86916
6075
20111
99657
55686
22679
28777
39394
82553
81596
76456
37955
75939
54818
39330
3323
62538
57203
50203
76200
53359
47450
38725
46769
92776
46384
16585
83945
28204
65421
60797
75300
4291
53415
71927
71397
15624
43671
53934
75675
1435
19423
60717
14259
70182
9139
69837
67679
87823
67344
97760
42638
97559
92706
14551
16552
17760
68633
9485
80448
55363
57784
51743
98413
81864
13230
28981
77496
22177
18227
97127
33155
87222
93782
46988
4446
77420
87941
13622
65054
14536
40807
72210
56207
90391
5875
81620
60993
74538
1071
41968
63406
86916
82273
48412
59203
41311
55158
79034
85962
83927
77849
59199
29309
34614
40866
31720
93940
20998
81239
59323
90177
63737
32139
58885
95833
24516
95788
94730
21939
51292
27145
52474
64079
70662
18612
29092
65081
29370
76800
97634
36017
94971
77854
86335
85434
70353
99828
81381
58826
79340
59045
28426
91235
3792
6832
38669
71365
63891
24931
66680
81551
67877
95379
79791
75717
43291
23551
7626
76970
55796
93747
32933
55854
94924
29209
69624
39537
65503
17416
34484
43272
35201
40575
62646
23875
9369
79828
14884
53524
11686
84649
95644
47254
74576
93972
15160
57
99012
47148
25410
31305
75566
71099
19329
17221
91864
6812
85008
7787
1989
74413
65164
988
40740
78516
21106
42569
61664
32838
24118
71899
10129
22704
76124
73593
47547
59358
71326
84956
22644
35817
34493
86502
1449
4889
93431
88247
18977
97059
34029
45984
55831
34895
14705
61623
41188
7018
99947
97539
59780
88274
71524
96604
49223
62409
62757
42725
8077
84608
12306
51725
57145
83102
97537
16510
58759
5202
8566
29649
3562
77271
88589
38666
73580
33499
63902
96709
61095
50847
72878
28363
43266
68
35830
20637
6156
20374
95820
44149
38058
23785
47576
58996
62432
70201
3062
47039
96513
25100
76179
94920
76098
5393
77643
69795
5123
21973
46319
6290
60997
32345
74795
85242
85026
18253
12635
77330
63724
92447
67838
13937
57242
49673
78026
54662
65392
89988
86474
42308
24559
65917
71017
84890
46052
63987
31325
1556
18017
30892
79874
19337
59594
73899
15967
64095
9978
83432
30717
41737
44269
69139
91446
69562
15390
45050
8020
26960
63323
16590
3850
60029
30353
917
55629
2430
81379
65687
75231
38561
36462
67484
24616
8330
53928
85004
9992
77169
88394
27767
35194
60152
88074
95401
56783
34572
77567
15574
87014
74371
93338
48785
48087
29531
99027
36358
2485
7214
77862
23754
96654
9897
17536
62521
30997
82628
40801
38039
40596
71102
38464
54324
45958
15153
70770
89083
65553
5359
76824
55175
8036
41322
5949
58517
67785
99942
62764
4879
89485
96295
38102
9808
21057
21044
57090
72275
15952
43887
13617
91463
81427
32435
13754
57176
14076
93944
31462
19998
86089
87982
20403
78094
49098
3023
35365
7571
86384
80112
41642
98452
90588
66389
68184
10672
26946
68405
72869
88130
70997
10619
5285
50162
75460
1677
96393
14385
43099
52147
58842
91265
47161
20626
41420
36420
4167
53988
79733
98082
0
87154
95601
49242
13439
25988
9760
66384
18755
55908
71162
28263
8336
25929
97140
42214
15559
81649
79113
55233
11660
20778
2715
34141
73200
92340
85805
56177
78463
58599
47222
92837
7348
55036
4907
85975
89644
12431
43197
95752
27406
66835
62822
13836
84633
99399
72380
83938
1870
87927
37045
62089
62038
47568
67862
19816
5755
52219
37754
52304
90472
90932
59971
63094
98440
58944
50962
40612
52840
94637
25179
14744
86701
90407
16201
83295
49092
46181
35288
44975
98154
63305
92973
3628
5980
4256
11272
8145
48979
31848
48314
79527
42877
6051
71099
54787
23839
25228
13894
10985
18298
51843
14487
12474
83387
98144
35725
84151
2465
51805
51600
57002
74890
35084
93934
70340
76802
43191
80477
99660
95633
43130
14999
84810
78276
69819
30661
16268
10661
70760
99813
94799
66167
9128
80684
31146
82085
15586
91775
31497
80968
61625
96286
40292
12597
33036
66995
59981
80698
72208
52617
58329
4946
65811
75820
24510
40305
88247
5631
69139
91742
36363
51932
48660
53068
39241
42337
35295
96109
23214
41814
57953
62947
15436
95325
96020
76698
75486
91099
11256
20557
12990
50776
38460
75977
58446
55176
83114
25895
84997
11963
46508
66946
24969
76556
83877
71335
33903
48335
29301
16787
52322
34402
52468
45383
54978
22833
44271
43262
72615
13119
364
50014
50700
62517
5574
36675
74608
45981
75906
94969
1285
69351
44578
23838
19837
1916
9961
69255
38056
62498
95364
87927
23107
6800
7391
4199
58964
89523
2253
65922
19375
72199
81722
73913
4482
34950
22532
42946
98291
43650
51315
89414
60205
5519
42548
68259
67532
52110
45435
27412
16025
63146
58075
89278
1896
69960
16778
86762
27880
64206
83976
41738
69973
39513
28823
95725
28727
49989
7987
74680
86862
10440
82050
70201
88262
78023
92377
83187
92343
19038
98023
870
51520
27525
90669
82405
84023
75737
57499
74687
74928
5163
27630
23017
2814
49710
3967
98742
38365
14803
73137
15061
84097
71206
10075
32519
33505
44668
2678
77889
94531
10527
73590
8679
93494
3610
39001
22632
89706
91042
34731
51186
90197
90800
6668
96549
18163
41097
97716
86215
96055
4401
64711
20433
70270
72156
10054
99898
13689
17557
16915
40648
86429
19882
87876
55839
70798
16729
73169
99476
14524
22445
29546
6169
81607
76332
20166
58946
72268
64893
53264
7542
84352
90968
99802
48031
11854
19491
4228
62794
64831
66744
31237
11650
58693
89645
86656
90018
19156
89259
30439
97695
99129
45064
43186
46157
84073
17722
23909
9221
95558
47265
57876
93451
37876
52462
7621
28386
38501
83949
28256
28065
86987
15928
19405
68687
53416
24445
42960
93742
74876
87095
22405
73839
33321
72134
4607
36648
67692
58369
73392
47076
67829
41669
40202
28305
81151
73545
50452
39786
92092
73302
81024
93495
73422
25542
20930
78458
21567
82817
64548
84529
7562
73767
39461
47752
33390
72617
22547
81959
85664
60611
8709
63024
54245
26315
24082
98118
92640
43719
23710
85309
65273
61631
72134
18495
89444
57029
92823
9518
10289
63503
5762
8904
7286
9932
34160
82562
6665
30696
84506
34497
97573
12058
1213
45620
92546
9196
83923
39698
72530
24477
96898
79524
15053
49031
957
45760
35370
47732
49414
7816
75476
8515
97963
16522
68849
99137
1109
19029
32639
45582
58701
65629
22735
3322
59091
90823
43792
70571
18308
65688
5452
6694
26549
99661
33239
41375
12338
68755
44567
92700
1416
66027
73153
93521
44014
36931
83878
73837
3974
90993
47041
46148
32055
16161
2497
57134
95371
86288
1181
62262
51155
13869
72041
82754
28361
57912
5394
72210
7289
76369
51789
93861
96870
22142
37194
88577
87140
8580
68670
61892
65872
4945
56544
31017
3555
86164
15419
38275
39909
62349
67820
15493
83223
44068
21245
35507
42718
34287
7715
19973
99153
8173
68344
58436
67526
58135
32738
36049
50672
50044
82427
78950
20540
41149
89146
69625
22704
56538
4293
98531
34558
72202
72821
32732
52977
17613
69312
33425
31909
61349
49738
97459
15727
43923
15651
86906
2826
61608
1165
49399
70629
36471
29491
38466
58516
40640
6139
80546
79614
6171
5643
12062
49483
57709
32525
93701
16920
77904
94967
45168
59072
57326
75051
41731
88038
36188
16430
80521
40517
82427
83466
70896
45898
29909
64535
89690
52016
50815
38016
93515
68264
22385
11532
57304
43918
98892
67445
70469
96428
42898
63680
35583
93903
12410
24127
15934
28044
35150
52410
35490
19115
59956
71504
65103
97820
85269
63390
922
97038
46426
22162
17602
97680
47511
67182
11865
14718
55726
78962
32634
80510
99173
82501
42916
44397
16570
19595
98935
61398
77
76314
66426
82374
2833
96809
57339
26798
45209
44037
10146
54136
84888
47404
89582
92024
29575
65709
87750
396
71840
5722
45361
82769
14067
38501
67846
25823
68913
52559
88749
58856
26845
84443
56383
32988
99880
3300
68167
4780
72083
21806
8201
30119
1685
87951
4956
21812
27813
13036
348
38429
8713
16080
37878
40864
61300
43550
65505
19673
25236
15887
57978
56949
69236
31463
60930
52331
31753
30466
90148
53441
13937
903
94713
34004
85191
12332
54608
83601
39882
43489
45273
64679
98085
26771
6869
48734
81653
78469
91859
46021
2326
15506
83232
46384
35382
99665
9279
77137
33846
24447
92848
5622
43792
4051
44113
80885
37712
61956
1587
48607
5307
91023
22572
91241
54838
19238
83678
10966
47516
66704
68733
26524
81035
58007
4338
58189
52091
27190
69325
63058
58267
31992
33323
51907
91938
22229
43500
35280
35333
40945
69323
44780
88260
87720
84003
6349
41332
16615
44795
32929
37879
68929
10757
28212
51285
64804
27148
66458
23707
14855
80091
4280
79676
33901
7514
64225
661
62197
95213
97139
11565
61027
33008
59603
22236
68997
53677
68893
95665
30730
67512
58145
28330
64533
77687
36034
87527
37327
46515
69202
18120
1419
88886
68917
7918
85599
15670
60971
75924
48412
49382
49316
5068
79351
65086
185
28089
50969
98528
3525
54119
18901
77391
46823
13981
45880
76993
10974
82724
38231
13152
15728
73824
24206
77381
17828
96498
37129
33818
91166
8622
37827
84222
61622
51557
54223
52778
13086
99886
69656
49987
69423
82340
65047
14191
52259
43323
25031
55492
31490
19473
83291
68132
10680
80171
33998
34132
47654
1425
62112
19839
48847
84252
43900
90702
30321
28928
89059
21587
87596
93020
19004
15031
79521
55241
31797
27403
14707
88908
20322
11408
59407
86051
65085
80644
13571
18767
86708
19838
1646
81813
11567
34211
72975
86721
72886
67967
6046
47127
16485
44826
91086
67539
79164
50460
16927
43185
82153
57104
30908
14092
33202
12007
37620
48239
55301
8510
75782
60952
84165
92416
24656
24854
33006
30426
24677
57852
38012
66183
73932
53604
4669
1125
31319
28573
40214
75521
62401
47855
43628
51571
77478
20554
93951
86846
32538
38345
47581
73154
83654
29366
69848
43659
88132
14392
8860
76405
55421
76918
82518
90537
34336
65232
38144
71047
35414
41114
95440
29007
40989
68737
72094
26670
72749
1917
66027
32956
65107
31027
49078
31218
22052
89273
41472
30287
81044
17681
89308
58370
78013
28869
5382
45457
55714
32743
99616
69829
11103
41181
5115
33529
21273
39097
56434
17951
2648
45143
87878
84651
90699
75824
2767
33100
70334
94826
13375
14525
7585
26567
15244
4060
19449
22702
30536
8900
7599
14035
83229
49179
36371
69079
46851
4245
59946
43157
87927
17190
96826
39710
8064
6782
99698
5982
37665
26553
47185
83923
20964
72061
59692
97065
58480
38238
36996
51253
30689
9519
49410
94885
87518
11020
3946
8881
18080
79433
93722
44508
70975
24554
61108
41650
46425
15218
40479
73237
2689
12769
56279
11235
6843
16003
56931
99584
63540
49337
73052
24052
24425
84562
19508
89349
77221
40852
75992
78534
72413
28137
21446
23925
93912
64948
14168
36555
19482
58603
86506
39083
76355
46601
52323
34713
80753
94419
4540
46211
65090
87989
7480
38094
6245
99505
3071
10365
52951
72455
6026
70882
44317
27450
98485
18373
67356
19257
56358
87183
22221
16725
17731
11089
57435
40431
29215
60709
42764
32382
44616
72739
57071
10017
25222
87648
99658
36794
55602
74442
59194
32715
14242
38602
10038
65655
6207
1303
71178
42496
5452
42606
24700
77853
4765
31562
15605
50176
29154
20696
5622
96424
36894
88790
92477
23881
33184
27232
35049
80600
4292
63781
89168
3282
83686
43944
34023
45627
56662
92121
33319
56899
71769
17421
84074
98037
96457
9955
72914
35884
42055
13211
3733
38844
89951
43040
57395
54961
18959
76941
99093
84216
38881
6368
70637
97557
67905
88313
32774
6976
98784
97552
75386
63625
12776
53040
70677
18690
3204
29197
94367
80628
54095
96014
58477
37574
69831
5717
22701
21019
46694
95895
23091
11892
75679
79193
82669
79184
10109
43103
39410
94633
57415
87858
58063
96445
33679
46959
71402
67717
60096
95616
40563
70723
97835
89152
56983
71881
33158
39895
12915
58680
65972
84591
18631
50694
12161
21297
23666
61756
31866
57217
79448
52759
42990
30625
44530
40798
54407
94288
64957
78175
33031
72749
88412
71023
46275
86365
53863
11775
65601
56123
25429
97343
12696
28746
79705
44731
36794
22392
30305
19893
11919
97616
66852
52635
12838
27684
72552
89415
58060
46733
1428
68094
48314
62955
34344
63574
77419
89690
7157
9352
53740
48549
72096
60409
34141
87092
88
78683
94717
24235
14771
26238
71774
73561
10140
30858
47452
44844
84988
91241
41383
17049
88616
10703
34577
64855
45185
69523
63753
56067
78013
1384
9964
45366
4979
74828
98721
31900
28397
590
75747
9538
96139
32750
53172
21177
42783
76428
55297
74595
28334
9067
912
23366
25102
86207
96544
21530
51336
61226
55328
52902
90956
82042
43034
63649
57671
46062
88691
22669
90640
37716
19718
52392
63319
5673
96366
2892
84995
55386
5818
17839
61754
10175
47516
41927
59913
97934
64576
55844
36695
53328
4831
80460
72171
49461
20545
75789
51517
85957
79271
30763
65835
30634
58826
50258
66857
32417
40365
22321
22095
25840
60611
35374
48914
80902
79172
27862
27
12350
64140
64859
50325
75020
34233
67991
99237
96495
15587
80940
56298
45822
43496
15854
19768
36969
95501
76341
78080
17675
33276
15919
22653
49082
25727
36156
42254
33876
59961
8423
15982
81586
48943
77303
57193
86563
9953
78216
25448
47362
18069
75889
73810
77901
71547
34141
11617
47800
69755
49347
10898
11182
77936
90429
25459
69004
70337
10021
59812
15493
62251
23715
67536
17811
68116
12427
80057
10626
34847
36774
32392
67071
33349
95554
46678
5956
13712
41400
22704
45082
30554
28259
21450
89821
76604
35505
75148
66907
77783
89875
61274
98518
69679
21566
97744
79673
10176
84324
4479
6118
74409
63156
91947
2027
21341
450
5559
89585
48996
3901
52931
49152
24219
34003
40125
2756
64008
11644
38389
92189
63789
13481
9999
72412
57562
16931
77527
18793
87640
25250
26168
67488
13817
77996
18768
28936
43887
49385
95876
93122
12796
57473
50779
8600
80972
75807
60304
2265
57773
82808
13871
48389
5449
60531
68761
70500
2499
34158
52016
17387
99233
70075
55839
96243
89704
668
25188
43849
11503
2103
98913
53141
48108
31674
56478
51437
69501
741
65924
83777
9115
79136
93806
26784
59235
18484
7698
36134
85180
27597
74040
37366
4717
24661
66476
45900
60170
54571
98624
14261
57072
4025
75135
57717
47845
65084
28556
15564
67595
93220
66414
76142
51419
85809
90265
19214
55953
5610
42810
13984
16317
89080
99827
46441
88634
90425
37057
64084
26364
66127
74236
35609
7436
3322
41072
80195
44417
962
76019
76251
93203
57456
14668
6611
61448
91404
1802
32079
25825
17982
81825
57565
87595
35742
30366
83198
42016
14567
73426
29837
9936
82003
72522
74666
25166
41824
94686
37260
55939
16232
39898
4592
45678
43032
88153
13538
68945
62864
13384
42582
78142
44460
5439
12005
4506
43731
10341
33048
23021
47894
24243
62673
23325
87844
16963
38410
76161
21962
24232
31697
75316
8153
4845
41482
58107
96517
518
63762
44113
38988
78657
11568
47246
27049
87269
22144
53095
96507
98941
85396
23421
77655
99343
67569
24186
13747
54327
51524
36860
31760
83417
96628
10931
79992
9734
32188
82530
47262
12941
88665
5109
4225
96992
94792
57063
41216
71359
8853
48867
72003
4189
90053
1316
25481
84131
89878
35182
77465
64843
7556
23014
43045
31590
87126
65269
95862
50707
53772
44866
43916
61258
55551
47414
78637
89873
92160
59409
48021
52495
57124
72491
61372
38130
5370
47559
5964
97824
84324
47010
35547
31834
65947
6931
65479
38084
3079
69284
76799
31047
6419
88106
71366
38276
10639
5797
67802
28207
63810
75182
81179
20311
67857
88904
63535
22935
71681
82554
41805
24182
24864
83764
80226
84531
32969
16160
27480
67006
68476
22720
22216
18486
57918
57923
94461
96059
16773
57856
22667
73496
766
93446
41056
70908
86578
65458
5349
86308
8203
99514
4342
57541
56108
68578
44731
23899
17129
73983
44845
13887
55538
99372
69448
85589
39079
32167
14092
44632
32309
94030
73471
37616
64811
37593
64121
46905
13373
31585
9943
26828
18780
78592
75390
92321
62995
21936
41999
71023
72963
2549
11597
37553
588
44971
49448
70156
81203
71119
27211
13783
32666
91030
72154
11793
4358
7317
37931
30994
93065
73020
32204
50870
52896
33194
42661
37535
41119
38367
6650
79113
49862
69640
18848
32655
48269
471
93973
11472
71994
52246
67654
99192
33505
81391
7424
60376
97202
58176
83892
90646
98345
63398
52950
70514
8591
32214
70503
73676
85141
28651
34801
72037
66308
16118
46708
3747
1331
81510
71000
72262
10161
26916
12695
45292
24916
12200
55437
45371
8986
10811
6913
9326
54884
53907
66998
10200
22119
51247
59719
81678
87494
97635
22514
62649
94872
27255
53871
97687
17719
80793
22962
36297
33927
38024
50408
91687
41991
26316
90753
55512
96244
27999
7183
17542
87004
37597
8842
70680
58895
45626
17261
58379
16771
63919
54920
19929
31907
52788
86774
18430
30204
17427
47619
49833
67318
17382
2066
72815
62354
24700
15802
26771
83214
68613
2335
69964
20631
48300
8720
869
66353
60320
94490
92409
63842
47956
81464
37136
68657
25215
19144
48825
42270
84292
28092
33780
33266
51215
23851
88156
26810
83530
86940
22186
57673
12892
43426
74517
16904
15430
99064
42723
19728
53112
5525
10434
84018
16843
51832
29782
82825
20753
76237
71242
239
33724
31140
75236
55981
76715
7488
95117
82322
46799
95643
59699
25575
25237
80460
77033
5089
66400
81184
68137
94274
19793
25648
65831
13387
2579
14461
45144
25862
25949
79529
66279
89769
7
21833
77690
83888
79726
58644
27910
80531
58623
71334
87664
79751
55008
49235
70870
87256
25139
8226
76966
71838
56411
18206
25145
91396
17016
30287
74931
21119
93144
37166
42486
81290
24603
98743
49856
21543
82415
40775
55289
36198
3340
21331
74851
1380
21255
56488
84713
4383
17286
54293
10498
39100
70679
8222
69981
83422
49358
50877
93056
24670
51629
20730
58418
22455
88715
51664
15902
62377
57639
1432
72172
84900
86043
27559
26753
10270
93537
85759
36879
39487
98713
99466
72556
99737
53277
97008
72418
83003
79509
78853
17756
16268
12211
67617
73716
22958
53952
20305
92840
71603
65826
28631
78032
90677
9935
16014
87170
29864
31238
87117
8399
69724
63009
23830
53081
19168
78281
50710
2520
78094
81521
45747
47308
28812
70932
3690
70557
5748
22891
5597
61952
79827
7024
31613
38978
18936
38563
91435
55151
79407
17455
19712
21132
58909
22813
91304
82654
96760
38524
91599
99844
93121
1627
19412
55653
10257
45674
54806
15409
67898
83805
4556
57824
27994
56769
62171
68138
94623
79728
57907
98443
70935
46758
69805
86049
57439
64517
80026
93270
87610
60235
50598
16977
77983
19500
42427
14393
52927
31614
18867
63145
59974
19301
50360
30393
34450
94435
15081
78129
79340
86629
88590
74080
40777
3770
70199
38989
73480
21343
13017
81680
15354
85734
34295
25454
57079
29728
97674
99476
14504
49654
20700
32354
3454
83822
99905
13309
55609
38507
5960
94814
43065
95902
52938
17717
23198
3615
23912
49826
37326
96040
1238
63074
33023
256
42458
44927
76289
18520
32586
81520
64706
22604
47639
16296
89084
86217
50006
58872
63480
67818
19898
38634
59016
43747
65729
86076
5658
80508
67492
11509
55346
70085
643
35985
63863
97710
41028
26960
85499
15697
21955
94416
72227
65827
65177
49766
23872
54350
53433
99496
43967
96888
32558
36950
33881
53374
6308
46898
10441
62352
17973
27514
45131
33609
41875
47612
14971
84689
83219
90578
45292
72601
81077
72868
37702
3311
17758
13703
86933
92202
51162
54966
93099
46105
21107
84752
14108
89283
1128
38123
89091
58473
78649
72482
11578
86646
31772
49110
50383
43448
71532
41262
8407
54077
7408
52680
20726
77750
30689
99050
65106
69015
39722
84198
48049
72993
74742
83760
89263
12616
50583
25841
61486
63827
12583
675
72218
28557
92250
10123
3859
89225
89451
4883
27475
5898
85216
55827
41842
16683
72697
6322
7302
16768
19391
17179
87463
26378
55385
18626
50476
84329
17427
25460
93397
69449
33937
13402
14294
250
14628
20586
51723
20570
47696
20730
31210
81409
16582
56606
41215
71091
13928
35785
89658
68507
31498
56879
54618
25535
94197
85934
48405
37689
22810
13807
95908
72013
27180
68583
64937
61071
17089
96220
51871
30500
84853
23217
388
43683
1359
69512
5393
65607
94384
69118
6500
34677
59955
13928
28403
98375
8840
81503
30621
50794
31396
44101
51588
39983
45610
4417
74179
88633
96279
19326
76033
46825
65468
73948
67678
74082
13502
54518
73587
99281
51510
74230
77382
35199
31385
52142
98550
34138
44323
73178
10111
5404
76432
34115
67205
84466
61326
87597
31117
97742
96115
61179
22747
57066
50055
7194
91265
99889
81005
55369
39175
93479
86977
83244
8971
59128
21633
43835
96348
98164
83640
58447
54191
71376
10449
50056
29248
32501
15257
94459
1065
50312
58380
51381
14729
3126
76162
95835
49018
71800
81085
95874
32647
22391
81698
67400
28157
85312
21092
13467
34593
16860
193
85577
69831
44026
59653
53926
60828
47557
15126
93339
68806
35806
80467
3265
19798
37946
10954
79529